2.085110023512870114e+00 6.040743305359919546e+00
3.601622467210790379e+00 1.031196858166508790e+01
5.718740867244331838e-04 1.787282798786919313e+00
1.511662863159198844e+00 7.011560591844806289e+00
7.337794540855652192e-01 4.315227167469823044e+00
4.616929738439889963e-01 8.331544946834650300e-01
9.313010568883545170e-01 6.168209879956536135e+00
1.727803635215238831e+00 6.276375831116380866e+00
1.983837371153349682e+00 8.226666068418399647e+00
2.694083670016784726e+00 5.261746020518846656e+00
2.095972572016473912e+00 4.108872522661032534e+00
3.426097501983797589e+00 1.025856372517142390e+01
1.022261248657587274e+00 5.153672933215390550e+00
4.390587181954726859e+00 7.500815457467442826e+00
1.369379659896308166e-01 4.000965705260099980e+00
3.352337550892011020e+00 9.244500792396383559e+00
2.086524011835634962e+00 8.022884832188271531e+00
2.793449142228758397e+00 8.119953396485653840e+00
7.019346929761688392e-01 1.767771754048959032e+00
9.905074454243939508e-01 1.717121705274883059e+00
4.003722843377683027e+00 6.670033208877599762e+00
4.841307878596987635e+00 8.048475122367912959e+00
1.567120890796214194e+00 3.790515585210875393e+00
3.461613078346570394e+00 9.953731063162035042e+00
4.381945761480191770e+00 9.850856535855015750e+00
4.473033317519236718e+00 1.006957753655075116e+01
4.252210568488895559e-01 4.904635913527190638e+00
1.952739161644118093e-01 9.397927214204397917e-01
8.491520978228445093e-01 2.782774412970259625e+00
4.390712517147065341e+00 1.009981565165652029e+01
4.917341691652504787e-01 5.651091038523205157e+00
2.105538125025260943e+00 6.243967566409949654e+00
4.789447650752509666e+00 7.915479733977965893e+00
2.665826424865085365e+00 8.357056416860650927e+00
3.459385569752366774e+00 6.814824667322945118e+00
1.577578155030314733e+00 6.612065285532304770e+00
3.432504638407918307e+00 7.545353922545952940e+00
4.173128359486864447e+00 1.113336478813182140e+01
9.144138672095902809e-02 3.884952527602782979e+00
3.750721574724837470e+00 8.906971571704474400e+00
4.944305444532473892e+00 8.757436959606174298e+00
3.740828271899196977e+00 6.409200864665025144e+00
1.402219960322026004e+00 2.896857284714990044e+00
3.946396642257442799e+00 6.668111110543370579e+00
5.161300328882101329e-01 1.380426865002455372e+00
2.239467630879525828e+00 4.786100114591430810e+00
4.542977515465477900e+00 1.098464712337369420e+01
1.468070741868397366e+00 5.196274026631167331e+00
1.438876692931743584e+00 2.412788580919818848e+00
6.501428605913883718e-01 1.421700652625951911e+00
9.683478935148537303e-02 4.994534601280548713e+00
3.394177664699454589e+00 8.383956459013690576e+00
1.058140580000295206e+00 2.744647302381278742e+00
1.327733296861131063e+00 3.430115284515344865e+00
2.457865796401691227e+00 7.733375928548591460e+00
2.668127255854019220e-01 1.412912488248538212e+00
2.870588027460065472e+00 7.595109357655530857e+00
7.336428745290507480e-01 6.048303468873261757e+00
2.946527684516420997e+00 9.046485237838316706e+00
3.498791800104656069e+00 6.913551315068934500e+00
5.116721441391292036e-01 3.304524057652868052e+00
2.070279939097841471e+00 6.481010528643676771e+00
3.472000788638725410e+00 9.815461280538578137e+00
2.070896347634513468e+00 4.166195643496762635e+00
2.497672947304357960e-01 5.008070781525745252e-01
2.679482029577557878e+00 4.726306440353401861e+00
3.318973226098944185e+00 7.852353971801692367e+00
2.574445560291542812e+00 7.236294894061852112e+00
4.722973779954066309e+00 1.055793371755881438e+01
2.932775202509964707e+00 6.376692386328336681e+00
4.517009576439417806e+00 1.232037151906060046e+01
6.873735207311876261e-01 4.021361377028878081e+00
6.963817362537927380e-01 3.038053582290261456e+00
4.036956443547619067e+00 9.347997300393696918e+00
1.988384184927667775e+00 6.974149938386947412e+00
8.267709855846638867e-01 4.696467104137530768e+00
4.637542901980169496e+00 8.898746516720017041e+00
1.738829298727532890e+00 3.171572799548696864e+00
3.754060515680777588e+00 7.981644631525792732e+00
3.629989926752257290e+00 9.077176050396269957e+00
4.416530456029049034e+00 8.264055834489596464e+00
3.118361035278044646e+00 8.856761438985714108e+00
3.754712170136685678e+00 6.464970346754532748e+00
1.744491709889212760e+00 4.150722108987694448e+00
1.349639458825130367e+00 6.228037060995125884e+00
4.479431090980334318e+00 8.283088056657362586e+00
2.140455949356474541e+00 6.693149521024922777e+00
4.824200235741927578e+00 1.050235360628289349e+01
3.317207489092240280e+00 1.004178442415773631e+01
3.108478601045608691e+00 6.393327288931582864e+00
5.737298647668759299e-01 1.266835130022589961e+00
4.747446293535356077e+00 1.142897545754413713e+01
2.249560667399702396e+00 7.534927763881968055e+00
2.891948071935658948e+00 9.262279731954750517e+00
2.040684013806405961e+00 7.992755492172587850e+00
1.185134901215138648e+00 2.005349231848494007e+00
4.516897602811268619e+00 8.548918299531619525e+00
2.868397433361429272e+00 7.768628774326671760e+00
1.435163515579485072e-02 4.768521045716750173e+00
3.085724568103619170e+00 9.790561588455151565e+00
